2023-08-17 02:33:47.858 [info] Log level: Info
2023-08-17 02:33:47.858 [info] Validating found git in: "git"
2023-08-17 02:33:47.858 [info] Using git "2.41.0" from "git"
2023-08-17 02:33:47.877 [info] > git rev-parse --show-toplevel [2ms]
2023-08-17 02:33:47.896 [info] > git rev-parse --git-dir --git-common-dir [6ms]
2023-08-17 02:33:47.905 [info] Open repository: /home/granted07
2023-08-17 02:33:47.932 [info] > git rev-parse --show-toplevel [4ms]
2023-08-17 02:33:47.933 [info] > git config --get commit.template [14ms]
2023-08-17 02:33:47.961 [info] > git for-each-ref --format=%(refname)%00%(upstream:short)%00%(objectname)%00%(upstream:track)%00%(upstream:remotename)%00%(upstream:remoteref) refs/heads/master refs/remotes/master [16ms]
2023-08-17 02:33:48.005 [info] > git rev-parse --show-toplevel [2ms]
2023-08-17 02:33:48.030 [info] > git rev-parse --show-toplevel [4ms]
2023-08-17 02:33:48.042 [info] > git rev-parse --show-toplevel [3ms]
2023-08-17 02:33:48.053 [info] > git rev-parse --show-toplevel [3ms]
2023-08-17 02:33:48.069 [info] > git rev-parse --show-toplevel [4ms]
2023-08-17 02:33:48.083 [info] > git rev-parse --show-toplevel [4ms]
2023-08-17 02:33:48.098 [info] > git rev-parse --show-toplevel [2ms]
2023-08-17 02:33:48.146 [info] > git status -z -uall [173ms] (cancelled)
2023-08-17 02:33:48.146 [info] > git rev-parse --show-toplevel [38ms]
2023-08-17 02:33:48.183 [info] > git rev-parse --show-toplevel [9ms]
2023-08-17 02:33:48.202 [info] > git rev-parse --show-toplevel [4ms]
2023-08-17 02:33:48.217 [info] > git rev-parse --show-toplevel [2ms]
2023-08-17 02:33:48.239 [info] > git rev-parse --git-dir --git-common-dir [4ms]
2023-08-17 02:33:48.247 [info] Open repository: /home/granted07/dots
2023-08-17 02:33:48.273 [info] > git config --get commit.template [8ms]
2023-08-17 02:33:48.302 [info] > git for-each-ref --format=%(refname)%00%(upstream:short)%00%(objectname)%00%(upstream:track)%00%(upstream:remotename)%00%(upstream:remoteref) refs/heads/origin refs/remotes/origin [1ms]
2023-08-17 02:33:48.310 [info] > git rev-parse --show-toplevel [24ms]
2023-08-17 02:33:48.328 [info] > git rev-parse --git-dir --git-common-dir [3ms]
2023-08-17 02:33:48.335 [info] Open repository: /home/granted07/polybar-themes
2023-08-17 02:33:48.354 [info] > git config --get commit.template [11ms]
2023-08-17 02:33:48.375 [info] > git for-each-ref --format=%(refname)%00%(upstream:short)%00%(objectname)%00%(upstream:track)%00%(upstream:remotename)%00%(upstream:remoteref) refs/heads/master refs/remotes/master [12ms]
2023-08-17 02:33:48.385 [info] > git rev-parse --show-toplevel [11ms]
2023-08-17 02:33:48.397 [info] > git rev-parse --show-toplevel [3ms]
2023-08-17 02:33:48.430 [info] > git rev-parse --git-dir --git-common-dir [3ms]
2023-08-17 02:33:48.436 [info] Open repository: /home/granted07/yay
2023-08-17 02:33:48.466 [info] > git config --get commit.template [5ms]
2023-08-17 02:33:48.479 [info] > git for-each-ref --format=%(refname)%00%(upstream:short)%00%(objectname)%00%(upstream:track)%00%(upstream:remotename)%00%(upstream:remoteref) refs/heads/master refs/remotes/master [3ms]
2023-08-17 02:33:48.507 [info] > git status -z -uall [21ms]
2023-08-17 02:33:48.529 [info] > git check-ignore -v -z --stdin [24ms]
2023-08-17 02:33:48.547 [info] > git config --get commit.template [20ms]
2023-08-17 02:33:48.551 [info] > git for-each-ref --format=%(refname)%00%(upstream:short)%00%(objectname)%00%(upstream:track)%00%(upstream:remotename)%00%(upstream:remoteref) refs/heads/master refs/remotes/master [5ms]
2023-08-17 02:33:48.563 [info] > git status -z -uall [3ms]
2023-08-17 02:33:48.728 [info] > git status -z -uall [344ms]
2023-08-17 02:33:48.761 [info] > git config --get commit.template [13ms]
2023-08-17 02:33:48.764 [info] > git for-each-ref --format=%(refname)%00%(upstream:short)%00%(objectname)%00%(upstream:track)%00%(upstream:remotename)%00%(upstream:remoteref) refs/heads/master refs/remotes/master [3ms]
2023-08-17 02:33:48.832 [info] > git status -z -uall [522ms]
2023-08-17 02:33:48.883 [info] > git config --get commit.template [15ms]
2023-08-17 02:33:48.937 [info] > git for-each-ref --format=%(refname)%00%(upstream:short)%00%(objectname)%00%(upstream:track)%00%(upstream:remotename)%00%(upstream:remoteref) refs/heads/origin refs/remotes/origin [18ms]
2023-08-17 02:33:49.059 [info] > git status -z -uall [281ms]
2023-08-17 02:33:49.217 [info] > git show --textconv :.config/bspwm/bspwmrc [16ms]
2023-08-17 02:33:49.222 [info] > git ls-files --stage -- /home/granted07/.config/bspwm/bspwmrc [6ms]
2023-08-17 02:33:49.580 [info] > git status -z -uall [617ms]
2023-08-17 02:34:34.363 [info] > git config --get commit.template [18ms]
2023-08-17 02:34:34.410 [info] > git for-each-ref --format=%(refname)%00%(upstream:short)%00%(objectname)%00%(upstream:track)%00%(upstream:remotename)%00%(upstream:remoteref) refs/heads/master refs/remotes/master [3ms]
2023-08-17 02:34:36.126 [info] > git status -z -uall [1706ms] (cancelled)
2023-08-17 02:35:27.606 [info] > git check-ignore -v -z --stdin [15ms]
2023-08-17 02:35:27.608 [info] > git check-ignore -v -z --stdin [5ms]
2023-08-17 02:35:29.913 [info] > git check-ignore -v -z --stdin [4ms]
2023-08-17 02:35:32.961 [info] > git check-ignore -v -z --stdin [3ms]
2023-08-17 02:35:34.102 [info] > git check-ignore -v -z --stdin [2ms]
2023-08-17 02:35:48.646 [info] > git check-ignore -v -z --stdin [2ms]
2023-08-17 02:35:50.879 [info] > git check-ignore -v -z --stdin [3ms]
2023-08-17 02:35:52.907 [info] > git show --textconv :.config/polybar/hack/config.ini [18ms]
2023-08-17 02:35:52.909 [info] > git ls-files --stage -- /home/granted07/.config/polybar/hack/config.ini [6ms]
2023-08-17 02:36:01.534 [info] > git show --textconv :.config/polybar/hack/bars.ini [9ms]
2023-08-17 02:36:01.537 [info] > git ls-files --stage -- /home/granted07/.config/polybar/hack/bars.ini [3ms]
2023-08-17 02:36:05.984 [info] > git show --textconv :.config/polybar/hack/colors.ini [15ms]
2023-08-17 02:36:05.986 [info] > git ls-files --stage -- /home/granted07/.config/polybar/hack/colors.ini [2ms]
2023-08-17 02:36:15.195 [info] > git check-ignore -v -z --stdin [33ms]
2023-08-17 02:36:15.197 [info] > git check-ignore -v -z --stdin [20ms]
2023-08-17 02:36:15.198 [info] > git check-ignore -v -z --stdin [8ms]
